-29.68 -87.75 5.10e+00
-29.68 -82.10 4.42e+00
-29.68 -77.77 4.12e+00
-29.68 -73.63 3.89e+00
-29.68 -69.59 3.68e+00
-29.68 -65.61 3.48e+00
-29.68 -61.66 3.29e+00
-29.68 -57.74 3.09e+00
-29.68 -53.83 2.90e+00
-29.68 -49.95 2.73e+00
-29.68 -46.07 2.63e+00
-29.68 -42.21 2.54e+00
-29.68 -38.35 2.48e+00
-29.68 -34.50 2.42e+00
-29.68 -30.66 2.31e+00
-29.68 -26.81 2.23e+00
-29.68 -22.98 2.15e+00
-29.68 -19.14 2.04e+00
-29.68 -15.31 1.94e+00
-29.68 -11.48 1.87e+00
-29.68 -7.65 1.81e+00
-29.68 -3.83 1.72e+00
-29.68 0.00 1.63e+00
-29.68 3.83 1.48e+00
-29.68 7.65 1.34e+00
-29.68 11.48 1.15e+00
-29.68 15.31 1.03e+00
-29.68 19.14 9.41e-01
-29.68 22.98 9.00e-01
-29.68 26.81 8.80e-01
-29.68 30.66 9.27e-01
-29.68 34.50 1.02e+00
-29.68 38.35 1.11e+00
-29.68 42.21 1.26e+00
-29.68 46.07 1.43e+00
-29.68 49.95 1.60e+00
-29.68 53.83 1.78e+00
-29.68 57.74 1.95e+00
-29.68 61.66 2.12e+00
-29.68 65.61 2.29e+00
-29.68 69.59 2.46e+00
-29.68 73.63 2.65e+00
-29.68 77.77 2.87e+00
-29.68 82.10 3.15e+00
-29.68 87.75 3.74e+00
-26.30 -87.75 5.10e+00
-26.30 -82.10 4.42e+00
-26.30 -77.77 4.12e+00
-26.30 -73.63 3.89e+00
-26.30 -69.59 3.68e+00
-26.30 -65.61 3.48e+00
-26.30 -61.66 3.29e+00
-26.30 -57.74 3.09e+00
-26.30 -53.83 2.91e+00
-26.30 -49.95 2.73e+00
-26.30 -46.07 2.63e+00
-26.30 -42.21 2.53e+00
-26.30 -38.35 2.46e+00
-26.30 -34.50 2.40e+00
-26.30 -30.66 2.29e+00
-26.30 -26.81 2.20e+00
-26.30 -22.98 2.12e+00
-26.30 -19.14 2.01e+00
-26.30 -15.31 1.91e+00
-26.30 -11.48 1.84e+00
-26.30 -7.65 1.76e+00
-26.30 -3.83 1.65e+00
-26.30 0.00 1.56e+00
-26.30 3.83 1.38e+00
-26.30 7.65 1.27e+00
-26.30 11.48 1.06e+00
-26.30 15.31 9.23e-01
-26.30 19.14 8.63e-01
-26.30 22.98 7.70e-01
-26.30 26.81 7.75e-01
-26.30 30.66 8.14e-01
-26.30 34.50 9.64e-01
-26.30 38.35 1.08e+00
-26.30 42.21 1.23e+00
-26.30 46.07 1.39e+00
-26.30 49.95 1.57e+00
-26.30 53.83 1.75e+00
-26.30 57.74 1.92e+00
-26.30 61.66 2.09e+00
-26.30 65.61 2.26e+00
-26.30 69.59 2.44e+00
-26.30 73.63 2.64e+00
-26.30 77.77 2.86e+00
-26.30 82.10 3.14e+00
-26.30 87.75 3.74e+00
-23.26 -87.75 5.10e+00
-23.26 -82.10 4.42e+00
-23.26 -77.77 4.13e+00
-23.26 -73.63 3.89e+00
-23.26 -69.59 3.68e+00
-23.26 -65.61 3.48e+00
-23.26 -61.66 3.29e+00
-23.26 -57.74 3.09e+00
-23.26 -53.83 2.90e+00
-23.26 -49.95 2.73e+00
-23.26 -46.07 2.62e+00
-23.26 -42.21 2.52e+00
-23.26 -38.35 2.45e+00
-23.26 -34.50 2.38e+00
-23.26 -30.66 2.26e+00
-23.26 -26.81 2.17e+00
-23.26 -22.98 2.10e+00
-23.26 -19.14 1.99e+00
-23.26 -15.31 1.88e+00
-23.26 -11.48 1.80e+00
-23.26 -7.65 1.70e+00
-23.26 -3.83 1.59e+00
-23.26 0.00 1.48e+00
-23.26 3.83 1.30e+00
-23.26 7.65 1.20e+00
-23.26 11.48 9.94e-01
-23.26 15.31 8.22e-01
-23.26 19.14 7.18e-01
-23.26 22.98 6.58e-01
-23.26 26.81 6.63e-01
-23.26 30.66 7.77e-01
-23.26 34.50 9.11e-01
-23.26 38.35 1.07e+00
-23.26 42.21 1.20e+00
-23.26 46.07 1.37e+00
-23.26 49.95 1.54e+00
-23.26 53.83 1.72e+00
-23.26 57.74 1.89e+00
-23.26 61.66 2.06e+00
-23.26 65.61 2.24e+00
-23.26 69.59 2.42e+00
-23.26 73.63 2.62e+00
-23.26 77.77 2.84e+00
-23.26 82.10 3.13e+00
-23.26 87.75 3.74e+00
-20.28 -87.75 5.10e+00
-20.28 -82.10 4.42e+00
-20.28 -77.77 4.13e+00
-20.28 -73.63 3.89e+00
-20.28 -69.59 3.68e+00
-20.28 -65.61 3.49e+00
-20.28 -61.66 3.29e+00
-20.28 -57.74 3.09e+00
-20.28 -53.83 2.91e+00
-20.28 -49.95 2.73e+00
-20.28 -46.07 2.62e+00
-20.28 -42.21 2.52e+00
-20.28 -38.35 2.44e+00
-20.28 -34.50 2.37e+00
-20.28 -30.66 2.24e+00
-20.28 -26.81 2.15e+00
-20.28 -22.98 2.07e+00
-20.28 -19.14 1.96e+00
-20.28 -15.31 1.86e+00
-20.28 -11.48 1.75e+00
-20.28 -7.65 1.65e+00
-20.28 -3.83 1.55e+00
-20.28 0.00 1.40e+00
-20.28 3.83 1.24e+00
-20.28 7.65 1.10e+00
-20.28 11.48 8.98e-01
-20.28 15.31 7.08e-01
-20.28 19.14 6.13e-01
-20.28 22.98 5.61e-01
-20.28 26.81 5.79e-01
-20.28 30.66 7.65e-01
-20.28 34.50 9.06e-01
-20.28 38.35 1.05e+00
-20.28 42.21 1.20e+00
-20.28 46.07 1.34e+00
-20.28 49.95 1.52e+00
-20.28 53.83 1.69e+00
-20.28 57.74 1.87e+00
-20.28 61.66 2.04e+00
-20.28 65.61 2.22e+00
-20.28 69.59 2.40e+00
-20.28 73.63 2.60e+00
-20.28 77.77 2.82e+00
-20.28 82.10 3.11e+00
-20.28 87.75 3.74e+00
-17.35 -87.75 5.11e+00
-17.35 -82.10 4.43e+00
-17.35 -77.77 4.13e+00
-17.35 -73.63 3.90e+00
-17.35 -69.59 3.69e+00
-17.35 -65.61 3.49e+00
-17.35 -61.66 3.30e+00
-17.35 -57.74 3.10e+00
-17.35 -53.83 2.91e+00
-17.35 -49.95 2.73e+00
-17.35 -46.07 2.61e+00
-17.35 -42.21 2.51e+00
-17.35 -38.35 2.43e+00
-17.35 -34.50 2.36e+00
-17.35 -30.66 2.23e+00
-17.35 -26.81 2.12e+00
-17.35 -22.98 2.03e+00
-17.35 -19.14 1.93e+00
-17.35 -15.31 1.83e+00
-17.35 -11.48 1.72e+00
-17.35 -7.65 1.61e+00
-17.35 -3.83 1.49e+00
-17.35 0.00 1.34e+00
-17.35 3.83 1.20e+00
-17.35 7.65 1.01e+00
-17.35 11.48 8.21e-01
-17.35 15.31 6.27e-01
-17.35 19.14 4.88e-01
-17.35 22.98 4.78e-01
-17.35 26.81 5.61e-01
-17.35 30.66 7.31e-01
-17.35 34.50 8.88e-01
-17.35 38.35 1.04e+00
-17.35 42.21 1.18e+00
-17.35 46.07 1.33e+00
-17.35 49.95 1.50e+00
-17.35 53.83 1.67e+00
-17.35 57.74 1.84e+00
-17.35 61.66 2.02e+00
-17.35 65.61 2.19e+00
-17.35 69.59 2.38e+00
-17.35 73.63 2.58e+00
-17.35 77.77 2.80e+00
-17.35 82.10 3.09e+00
-17.35 87.75 3.74e+00
-14.43 -87.75 5.11e+00
-14.43 -82.10 4.43e+00
-14.43 -77.77 4.14e+00
-14.43 -73.63 3.90e+00
-14.43 -69.59 3.69e+00
-14.43 -65.61 3.50e+00
-14.43 -61.66 3.31e+00
-14.43 -57.74 3.11e+00
-14.43 -53.83 2.93e+00
-14.43 -49.95 2.74e+00
-14.43 -46.07 2.61e+00
-14.43 -42.21 2.51e+00
-14.43 -38.35 2.43e+00
-14.43 -34.50 2.34e+00
-14.43 -30.66 2.21e+00
-14.43 -26.81 2.10e+00
-14.43 -22.98 2.01e+00
-14.43 -19.14 1.90e+00
-14.43 -15.31 1.82e+00
-14.43 -11.48 1.70e+00
-14.43 -7.65 1.58e+00
-14.43 -3.83 1.46e+00
-14.43 0.00 1.30e+00
-14.43 3.83 1.13e+00
-14.43 7.65 9.44e-01
-14.43 11.48 7.54e-01
-14.43 15.31 5.41e-01
-14.43 19.14 3.82e-01
-14.43 22.98 4.28e-01
-14.43 26.81 5.91e-01
-14.43 30.66 7.48e-01
-14.43 34.50 8.73e-01
-14.43 38.35 1.03e+00
-14.43 42.21 1.22e+00
-14.43 46.07 1.32e+00
-14.43 49.95 1.48e+00
-14.43 53.83 1.65e+00
-14.43 57.74 1.82e+00
-14.43 61.66 1.99e+00
-14.43 65.61 2.17e+00
-14.43 69.59 2.36e+00
-14.43 73.63 2.56e+00
-14.43 77.77 2.79e+00
-14.43 82.10 3.08e+00
-14.43 87.75 3.75e+00
-11.53 -87.75 5.11e+00
-11.53 -82.10 4.44e+00
-11.53 -77.77 4.14e+00
-11.53 -73.63 3.91e+00
-11.53 -69.59 3.70e+00
-11.53 -65.61 3.50e+00
-11.53 -61.66 3.31e+00
-11.53 -57.74 3.12e+00
-11.53 -53.83 2.93e+00
-11.53 -49.95 2.74e+00
-11.53 -46.07 2.60e+00
-11.53 -42.21 2.51e+00
-11.53 -38.35 2.42e+00
-11.53 -34.50 2.32e+00
-11.53 -30.66 2.19e+00
-11.53 -26.81 2.08e+00
-11.53 -22.98 1.98e+00
-11.53 -19.14 1.88e+00
-11.53 -15.31 1.78e+00
-11.53 -11.48 1.67e+00
-11.53 -7.65 1.55e+00
-11.53 -3.83 1.41e+00
-11.53 0.00 1.25e+00
-11.53 3.83 1.05e+00
-11.53 7.65 8.65e-01
-11.53 11.48 6.70e-01
-11.53 15.31 4.58e-01
-11.53 19.14 2.99e-01
-11.53 22.98 4.56e-01
-11.53 26.81 6.10e-01
-11.53 30.66 7.72e-01
-11.53 34.50 8.93e-01
-11.53 38.35 1.01e+00
-11.53 42.21 1.22e+00
-11.53 46.07 1.33e+00
-11.53 49.95 1.47e+00
-11.53 53.83 1.63e+00
-11.53 57.74 1.80e+00
-11.53 61.66 1.98e+00
-11.53 65.61 2.15e+00
-11.53 69.59 2.34e+00
-11.53 73.63 2.54e+00
-11.53 77.77 2.77e+00
-11.53 82.10 3.06e+00
-11.53 87.75 3.75e+00
-11.53 87.75 3.75e+00
-8.64 -87.75 5.12e+00
-8.64 -82.10 4.44e+00
-8.64 -77.77 4.15e+00
-8.64 -73.63 3.92e+00
-8.64 -69.59 3.71e+00
-8.64 -65.61 3.51e+00
-8.64 -61.66 3.32e+00
-8.64 -57.74 3.13e+00
-8.64 -53.83 2.94e+00
-8.64 -49.95 2.75e+00
-8.64 -46.07 2.60e+00
-8.64 -42.21 2.51e+00
-8.64 -38.35 2.42e+00
-8.64 -34.50 2.30e+00
-8.64 -30.66 2.17e+00
-8.64 -26.81 2.06e+00
-8.64 -22.98 1.95e+00
-8.64 -19.14 1.85e+00
-8.64 -15.31 1.74e+00
-8.64 -11.48 1.64e+00
-8.64 -7.65 1.51e+00
-8.64 -3.83 1.37e+00
-8.64 0.00 1.18e+00
-8.64 3.83 9.88e-01
-8.64 7.65 7.96e-01
-8.64 11.48 5.84e-01
-8.64 15.31 3.35e-01
-8.64 19.14 3.17e-01
-8.64 22.98 4.83e-01
-8.64 26.81 6.59e-01
-8.64 30.66 8.08e-01
-8.64 34.50 9.04e-01
-8.64 38.35 1.03e+00
-8.64 42.21 1.21e+00
-8.64 46.07 1.33e+00
-8.64 49.95 1.46e+00
-8.64 53.83 1.62e+00
-8.64 57.74 1.79e+00
-8.64 61.66 1.96e+00
-8.64 65.61 2.14e+00
-8.64 69.59 2.33e+00
-8.64 73.63 2.53e+00
-8.64 77.77 2.76e+00
-8.64 82.10 3.05e+00
-8.64 87.75 3.73e+00
-5.76 -87.75 5.12e+00
-5.76 -82.10 4.45e+00
-5.76 -77.77 4.16e+00
-5.76 -73.63 3.92e+00
-5.76 -69.59 3.72e+00
-5.76 -65.61 3.52e+00
-5.76 -61.66 3.34e+00
-5.76 -57.74 3.15e+00
-5.76 -53.83 2.95e+00
-5.76 -49.95 2.76e+00
-5.76 -46.07 2.62e+00
-5.76 -42.21 2.50e+00
-5.76 -38.35 2.41e+00
-5.76 -34.50 2.29e+00
-5.76 -30.66 2.16e+00
-5.76 -26.81 2.04e+00
-5.76 -22.98 1.93e+00
-5.76 -19.14 1.83e+00
-5.76 -15.31 1.73e+00
-5.76 -11.48 1.61e+00
-5.76 -7.65 1.48e+00
-5.76 -3.83 1.32e+00
-5.76 0.00 1.12e+00
-5.76 3.83 9.12e-01
-5.76 7.65 7.05e-01
-5.76 11.48 4.95e-01
-5.76 15.31 3.64e-01
-5.76 19.14 3.77e-01
-5.76 22.98 5.26e-01
-5.76 26.81 6.89e-01
-5.76 30.66 8.40e-01
-5.76 34.50 9.27e-01
-5.76 38.35 1.06e+00
-5.76 42.21 1.20e+00
-5.76 46.07 1.36e+00
-5.76 49.95 1.46e+00
-5.76 53.83 1.61e+00
-5.76 57.74 1.78e+00
-5.76 61.66 1.95e+00
-5.76 65.61 2.12e+00
-5.76 69.59 2.31e+00
-5.76 73.63 2.51e+00
-5.76 77.77 2.75e+00
-5.76 82.10 3.04e+00
-5.76 87.75 3.73e+00
-2.88 -87.75 5.13e+00
-2.88 -82.10 4.46e+00
-2.88 -77.77 4.17e+00
-2.88 -73.63 3.94e+00
-2.88 -69.59 3.73e+00
-2.88 -65.61 3.54e+00
-2.88 -61.66 3.35e+00
-2.88 -57.74 3.16e+00
-2.88 -53.83 2.96e+00
-2.88 -49.95 2.78e+00
-2.88 -46.07 2.62e+00
-2.88 -42.21 2.51e+00
-2.88 -38.35 2.41e+00
-2.88 -34.50 2.28e+00
-2.88 -30.66 2.15e+00
-2.88 -26.81 2.02e+00
-2.88 -22.98 1.90e+00
-2.88 -19.14 1.81e+00
-2.88 -15.31 1.70e+00
-2.88 -11.48 1.58e+00
-2.88 -7.65 1.44e+00
-2.88 -3.83 1.26e+00
-2.88 0.00 1.05e+00
-2.88 3.83 8.39e-01
-2.88 7.65 6.31e-01
-2.88 11.48 4.87e-01
-2.88 15.31 3.91e-01
-2.88 19.14 4.27e-01
-2.88 22.98 5.78e-01
-2.88 26.81 7.29e-01
-2.88 30.66 8.63e-01
-2.88 34.50 9.53e-01
-2.88 38.35 1.08e+00
-2.88 42.21 1.22e+00
-2.88 46.07 1.39e+00
-2.88 49.95 1.47e+00
-2.88 53.83 1.60e+00
-2.88 57.74 1.77e+00
-2.88 61.66 1.94e+00
-2.88 65.61 2.11e+00
-2.88 69.59 2.30e+00
-2.88 73.63 2.50e+00
-2.88 77.77 2.73e+00
-2.88 82.10 3.03e+00
-2.88 87.75 3.72e+00
0.00 -87.75 5.14e+00
0.00 -82.10 4.47e+00
0.00 -77.77 4.18e+00
0.00 -73.63 3.95e+00
0.00 -69.59 3.74e+00
0.00 -65.61 3.55e+00
0.00 -61.66 3.37e+00
0.00 -57.74 3.18e+00
0.00 -53.83 2.98e+00
0.00 -49.95 2.81e+00
0.00 -46.07 2.63e+00
0.00 -42.21 2.52e+00
0.00 -38.35 2.41e+00
0.00 -34.50 2.27e+00
0.00 -30.66 2.13e+00
0.00 -26.81 2.00e+00
0.00 -22.98 1.88e+00
0.00 -19.14 1.79e+00
0.00 -15.31 1.67e+00
0.00 -11.48 1.52e+00
0.00 -7.65 1.38e+00
0.00 -3.83 1.19e+00
0.00 0.00 9.81e-01
0.00 3.83 7.56e-01
0.00 7.65 6.31e-01
0.00 11.48 5.20e-01
0.00 15.31 4.45e-01
0.00 19.14 4.96e-01
0.00 22.98 6.42e-01
0.00 26.81 7.75e-01
0.00 30.66 9.00e-01
0.00 34.50 9.89e-01
0.00 38.35 1.11e+00
0.00 42.21 1.24e+00
0.00 46.07 1.41e+00
0.00 49.95 1.47e+00
0.00 53.83 1.60e+00
0.00 57.74 1.76e+00
0.00 61.66 1.93e+00
0.00 65.61 2.10e+00
0.00 69.59 2.29e+00
0.00 73.63 2.49e+00
0.00 77.77 2.72e+00
0.00 82.10 3.02e+00
0.00 87.75 3.71e+00
2.88 -87.75 5.15e+00
2.88 -82.10 4.48e+00
2.88 -77.77 4.19e+00
2.88 -73.63 3.96e+00
2.88 -69.59 3.76e+00
2.88 -65.61 3.57e+00
2.88 -61.66 3.38e+00
2.88 -57.74 3.20e+00
2.88 -53.83 3.00e+00
2.88 -49.95 2.83e+00
2.88 -46.07 2.64e+00
2.88 -42.21 2.51e+00
2.88 -38.35 2.40e+00
2.88 -34.50 2.28e+00
2.88 -30.66 2.11e+00
2.88 -26.81 1.99e+00
2.88 -22.98 1.87e+00
2.88 -19.14 1.76e+00
2.88 -15.31 1.64e+00
2.88 -11.48 1.50e+00
2.88 -7.65 1.34e+00
2.88 -3.83 1.12e+00
2.88 0.00 8.88e-01
2.88 3.83 7.51e-01
2.88 7.65 6.40e-01
2.88 11.48 5.50e-01
2.88 15.31 5.06e-01
2.88 19.14 5.88e-01
2.88 22.98 7.06e-01
2.88 26.81 8.32e-01
2.88 30.66 9.45e-01
2.88 34.50 1.04e+00
2.88 38.35 1.13e+00
2.88 42.21 1.26e+00
2.88 46.07 1.42e+00
2.88 49.95 1.49e+00
2.88 53.83 1.60e+00
2.88 57.74 1.76e+00
2.88 61.66 1.93e+00
2.88 65.61 2.10e+00
2.88 69.59 2.28e+00
2.88 73.63 2.48e+00
2.88 77.77 2.71e+00
2.88 82.10 3.01e+00
2.88 87.75 3.70e+00
5.76 -87.75 5.16e+00
5.76 -82.10 4.49e+00
5.76 -77.77 4.20e+00
5.76 -73.63 3.98e+00
5.76 -69.59 3.78e+00
5.76 -65.61 3.59e+00
5.76 -61.66 3.40e+00
5.76 -57.74 3.22e+00
5.76 -53.83 3.03e+00
5.76 -49.95 2.84e+00
5.76 -46.07 2.66e+00
5.76 -42.21 2.51e+00
5.76 -38.35 2.40e+00
5.76 -38.35 2.40e+00
5.76 -34.50 2.27e+00
5.76 -30.66 2.10e+00
5.76 -26.81 1.98e+00
5.76 -22.98 1.86e+00
5.76 -19.14 1.75e+00
5.76 -15.31 1.64e+00
5.76 -11.48 1.47e+00
5.76 -7.65 1.26e+00
5.76 -3.83 1.04e+00
5.76 0.00 8.59e-01
5.76 3.83 7.68e-01
5.76 7.65 6.66e-01
5.76 11.48 6.04e-01
5.76 15.31 5.76e-01
5.76 19.14 6.61e-01
5.76 22.98 7.62e-01
5.76 26.81 8.96e-01
5.76 30.66 9.94e-01
5.76 34.50 1.08e+00
5.76 38.35 1.15e+00
5.76 42.21 1.29e+00
5.76 46.07 1.44e+00
5.76 49.95 1.52e+00
5.76 53.83 1.61e+00
5.76 57.74 1.76e+00
5.76 61.66 1.92e+00
5.76 65.61 2.09e+00
5.76 69.59 2.27e+00
5.76 73.63 2.47e+00
5.76 77.77 2.71e+00
5.76 82.10 3.00e+00
5.76 87.75 3.70e+00
8.64 -87.75 5.17e+00
8.64 -82.10 4.51e+00
8.64 -77.77 4.22e+00
8.64 -73.63 3.99e+00
8.64 -69.59 3.79e+00
8.64 -65.61 3.61e+00
8.64 -61.66 3.42e+00
8.64 -57.74 3.24e+00
8.64 -53.83 3.05e+00
8.64 -49.95 2.86e+00
8.64 -46.07 2.69e+00
8.64 -42.21 2.51e+00
8.64 -38.35 2.40e+00
8.64 -34.50 2.27e+00
8.64 -30.66 2.10e+00
8.64 -26.81 1.97e+00
8.64 -22.98 1.86e+00
8.64 -19.14 1.74e+00
8.64 -15.31 1.61e+00
8.64 -11.48 1.42e+00
8.64 -7.65 1.19e+00
8.64 -3.83 1.02e+00
8.64 0.00 9.03e-01
8.64 3.83 7.89e-01
8.64 7.65 7.00e-01
8.64 11.48 6.66e-01
8.64 15.31 6.67e-01
8.64 19.14 7.26e-01
8.64 22.98 8.18e-01
8.64 26.81 9.61e-01
8.64 30.66 1.05e+00
8.64 34.50 1.12e+00
8.64 38.35 1.20e+00
8.64 42.21 1.32e+00
8.64 46.07 1.46e+00
8.64 49.95 1.55e+00
8.64 53.83 1.61e+00
8.64 57.74 1.76e+00
8.64 61.66 1.92e+00
8.64 65.61 2.09e+00
8.64 69.59 2.27e+00
8.64 73.63 2.47e+00
8.64 77.77 2.70e+00
8.64 82.10 3.00e+00
8.64 87.75 3.69e+00
11.53 -87.75 5.16e+00
11.53 -82.10 4.52e+00
11.53 -77.77 4.23e+00
11.53 -73.63 4.01e+00
11.53 -69.59 3.81e+00
11.53 -65.61 3.63e+00
11.53 -61.66 3.45e+00
11.53 -57.74 3.26e+00
11.53 -53.83 3.08e+00
11.53 -49.95 2.89e+00
11.53 -46.07 2.72e+00
11.53 -42.21 2.53e+00
11.53 -38.35 2.41e+00
11.53 -34.50 2.27e+00
11.53 -30.66 2.11e+00
11.53 -26.81 1.96e+00
11.53 -22.98 1.87e+00
11.53 -19.14 1.74e+00
11.53 -15.31 1.55e+00
11.53 -11.48 1.34e+00
11.53 -7.65 1.16e+00
11.53 -3.83 1.04e+00
11.53 0.00 9.18e-01
11.53 3.83 8.33e-01
11.53 7.65 7.54e-01
11.53 11.48 7.44e-01
11.53 15.31 7.46e-01
11.53 19.14 7.81e-01
11.53 22.98 8.83e-01
11.53 26.81 1.04e+00
11.53 30.66 1.11e+00
11.53 34.50 1.17e+00
11.53 38.35 1.25e+00
11.53 42.21 1.34e+00
11.53 46.07 1.48e+00
11.53 49.95 1.56e+00
11.53 53.83 1.62e+00
11.53 57.74 1.76e+00
11.53 61.66 1.92e+00
11.53 65.61 2.09e+00
11.53 69.59 2.27e+00
11.53 73.63 2.46e+00
11.53 77.77 2.69e+00
11.53 82.10 2.99e+00
11.53 87.75 3.69e+00
14.43 -87.75 5.16e+00
14.43 -82.10 4.54e+00
14.43 -77.77 4.25e+00
14.43 -73.63 4.03e+00
14.43 -69.59 3.84e+00
14.43 -65.61 3.65e+00
14.43 -61.66 3.47e+00
14.43 -57.74 3.29e+00
14.43 -53.83 3.11e+00
14.43 -49.95 2.92e+00
14.43 -46.07 2.74e+00
14.43 -42.21 2.57e+00
14.43 -38.35 2.41e+00
14.43 -34.50 2.30e+00
14.43 -30.66 2.12e+00
14.43 -26.81 1.97e+00
14.43 -22.98 1.87e+00
14.43 -19.14 1.72e+00
14.43 -15.31 1.48e+00
14.43 -11.48 1.32e+00
14.43 -7.65 1.16e+00
14.43 -3.83 1.05e+00
14.43 0.00 9.57e-01
14.43 3.83 8.73e-01
14.43 7.65 8.12e-01
14.43 11.48 8.14e-01
14.43 15.31 8.22e-01
14.43 19.14 8.43e-01
14.43 22.98 9.66e-01
14.43 26.81 1.09e+00
14.43 30.66 1.17e+00
14.43 34.50 1.23e+00
14.43 38.35 1.29e+00
14.43 42.21 1.37e+00
14.43 46.07 1.50e+00
14.43 49.95 1.58e+00
14.43 53.83 1.64e+00
14.43 57.74 1.77e+00
14.43 61.66 1.93e+00
14.43 65.61 2.09e+00
14.43 69.59 2.27e+00
14.43 73.63 2.46e+00
14.43 77.77 2.69e+00
14.43 82.10 2.99e+00
14.43 87.75 3.68e+00
17.35 -87.75 5.16e+00
17.35 -82.10 4.55e+00
17.35 -77.77 4.27e+00
17.35 -73.63 4.05e+00
17.35 -69.59 3.86e+00
17.35 -65.61 3.68e+00
17.35 -61.66 3.50e+00
17.35 -57.74 3.32e+00
17.35 -53.83 3.14e+00
17.35 -49.95 2.96e+00
17.35 -46.07 2.77e+00
17.35 -42.21 2.61e+00
17.35 -38.35 2.42e+00
17.35 -34.50 2.30e+00
17.35 -30.66 2.14e+00
17.35 -26.81 1.99e+00
17.35 -22.98 1.87e+00
17.35 -19.14 1.64e+00
17.35 -15.31 1.47e+00
17.35 -11.48 1.32e+00
17.35 -7.65 1.19e+00
17.35 -3.83 1.08e+00
17.35 0.00 9.91e-01
17.35 3.83 9.27e-01
17.35 7.65 8.72e-01
17.35 11.48 8.76e-01
17.35 15.31 9.05e-01
17.35 19.14 9.13e-01
17.35 22.98 1.04e+00
17.35 26.81 1.16e+00
17.35 30.66 1.23e+00
17.35 34.50 1.29e+00
17.35 38.35 1.33e+00
17.35 42.21 1.41e+00
17.35 46.07 1.53e+00
17.35 49.95 1.61e+00
17.35 53.83 1.66e+00
17.35 57.74 1.78e+00
17.35 61.66 1.93e+00
17.35 65.61 2.10e+00
17.35 69.59 2.27e+00
17.35 73.63 2.46e+00
17.35 77.77 2.69e+00
17.35 82.10 2.99e+00
17.35 87.75 3.68e+00
20.28 -87.75 5.16e+00
20.28 -82.10 4.57e+00
20.28 -77.77 4.29e+00
20.28 -73.63 4.08e+00
20.28 -69.59 3.89e+00
20.28 -65.61 3.71e+00
20.28 -61.66 3.53e+00
20.28 -57.74 3.35e+00
20.28 -53.83 3.17e+00
20.28 -49.95 2.99e+00
20.28 -46.07 2.81e+00
20.28 -42.21 2.65e+00
20.28 -38.35 2.44e+00
20.28 -34.50 2.31e+00
20.28 -30.66 2.16e+00
20.28 -26.81 2.02e+00
20.28 -22.98 1.82e+00
20.28 -19.14 1.61e+00
20.28 -15.31 1.46e+00
20.28 -11.48 1.34e+00
20.28 -7.65 1.22e+00
20.28 -3.83 1.11e+00
20.28 0.00 1.03e+00
20.28 3.83 9.74e-01
20.28 7.65 9.56e-01
20.28 11.48 9.41e-01
20.28 15.31 9.71e-01
20.28 19.14 9.92e-01
20.28 22.98 1.12e+00
20.28 26.81 1.23e+00
20.28 30.66 1.30e+00
20.28 34.50 1.35e+00
20.28 38.35 1.38e+00
20.28 42.21 1.46e+00
20.28 46.07 1.57e+00
20.28 49.95 1.65e+00
20.28 53.83 1.68e+00
20.28 57.74 1.79e+00
20.28 61.66 1.94e+00
20.28 65.61 2.10e+00
20.28 69.59 2.27e+00
20.28 73.63 2.46e+00
20.28 77.77 2.69e+00
20.28 82.10 2.99e+00
20.28 87.75 3.68e+00
23.26 -87.75 5.16e+00
23.26 -82.10 4.59e+00
23.26 -77.77 4.31e+00
23.26 -73.63 4.10e+00
23.26 -69.59 3.91e+00
23.26 -65.61 3.74e+00
23.26 -61.66 3.56e+00
23.26 -57.74 3.39e+00
23.26 -53.83 3.21e+00
23.26 -49.95 3.03e+00
23.26 -46.07 2.85e+00
23.26 -42.21 2.67e+00
23.26 -38.35 2.51e+00
23.26 -34.50 2.32e+00
23.26 -30.66 2.18e+00
23.26 -26.81 1.98e+00
23.26 -22.98 1.80e+00
23.26 -19.14 1.62e+00
23.26 -15.31 1.48e+00
23.26 -11.48 1.35e+00
23.26 -7.65 1.23e+00
23.26 -3.83 1.15e+00
23.26 0.00 1.08e+00
23.26 3.83 1.04e+00
23.26 7.65 1.03e+00
23.26 11.48 1.01e+00
23.26 15.31 1.04e+00
23.26 19.14 1.09e+00
23.26 22.98 1.20e+00
23.26 26.81 1.30e+00
23.26 30.66 1.36e+00
23.26 34.50 1.41e+00
23.26 38.35 1.43e+00
23.26 42.21 1.50e+00
23.26 46.07 1.61e+00
23.26 49.95 1.69e+00
23.26 53.83 1.70e+00
23.26 57.74 1.80e+00
23.26 61.66 1.95e+00
23.26 65.61 2.11e+00
23.26 69.59 2.28e+00
23.26 73.63 2.47e+00
23.26 77.77 2.69e+00
23.26 82.10 2.99e+00
23.26 87.75 3.68e+00
26.30 -87.75 5.16e+00
26.30 -82.10 4.61e+00
26.30 -77.77 4.33e+00
26.30 -73.63 4.12e+00
26.30 -69.59 3.94e+00
26.30 -65.61 3.76e+00
26.30 -61.66 3.59e+00
26.30 -57.74 3.42e+00
26.30 -53.83 3.25e+00
26.30 -49.95 3.07e+00
26.30 -46.07 2.89e+00
26.30 -42.21 2.71e+00
26.30 -38.35 2.56e+00
26.30 -34.50 2.34e+00
26.30 -30.66 2.13e+00
26.30 -26.81 1.96e+00
26.30 -22.98 1.81e+00
26.30 -19.14 1.65e+00
26.30 -15.31 1.51e+00
26.30 -11.48 1.39e+00
26.30 -7.65 1.27e+00
26.30 -3.83 1.19e+00
26.30 0.00 1.14e+00
26.30 3.83 1.11e+00
26.30 7.65 1.10e+00
26.30 11.48 1.08e+00
26.30 15.31 1.11e+00
26.30 19.14 1.17e+00
26.30 22.98 1.27e+00
26.30 26.81 1.39e+00
26.30 30.66 1.43e+00
26.30 34.50 1.47e+00
26.30 38.35 1.49e+00
26.30 42.21 1.56e+00
26.30 46.07 1.65e+00
26.30 49.95 1.71e+00
26.30 53.83 1.71e+00
26.30 57.74 1.81e+00
26.30 61.66 1.96e+00
26.30 65.61 2.12e+00
26.30 69.59 2.28e+00
26.30 73.63 2.47e+00
26.30 77.77 2.69e+00
26.30 82.10 2.99e+00
26.30 87.75 3.68e+00
29.68 -87.75 5.16e+00
29.68 -82.10 4.62e+00
29.68 -77.77 4.35e+00
29.68 -73.63 4.14e+00
29.68 -69.59 3.96e+00
29.68 -65.61 3.79e+00
29.68 -61.66 3.62e+00
29.68 -57.74 3.46e+00
29.68 -53.83 3.29e+00
29.68 -49.95 3.11e+00
29.68 -46.07 2.94e+00
29.68 -42.21 2.76e+00
29.68 -38.35 2.57e+00
29.68 -34.50 2.38e+00
29.68 -30.66 2.11e+00
29.68 -26.81 2.01e+00
29.68 -22.98 1.83e+00
29.68 -19.14 1.68e+00
29.68 -15.31 1.53e+00
29.68 -11.48 1.42e+00
29.68 -7.65 1.33e+00
29.68 -3.83 1.24e+00
29.68 0.00 1.19e+00
29.68 3.83 1.18e+00
29.68 7.65 1.15e+00
29.68 11.48 1.16e+00
29.68 15.31 1.19e+00
29.68 19.14 1.25e+00
29.68 22.98 1.34e+00
29.68 26.81 1.47e+00
29.68 30.66 1.50e+00
29.68 34.50 1.54e+00
29.68 38.35 1.55e+00
29.68 42.21 1.61e+00
29.68 46.07 1.70e+00
29.68 49.95 1.74e+00
29.68 53.83 1.73e+00
29.68 57.74 1.83e+00
29.68 61.66 1.97e+00
29.68 65.61 2.13e+00
29.68 69.59 2.29e+00
29.68 73.63 2.48e+00
29.68 77.77 2.70e+00
29.68 82.10 2.99e+00
29.68 87.75 3.68e+00
