-29.68 -87.75 5.52e+00
-29.68 -82.10 4.37e+00
-29.68 -77.77 3.91e+00
-29.68 -73.63 3.57e+00
-29.68 -69.59 3.29e+00
-29.68 -65.61 3.07e+00
-29.68 -61.66 2.88e+00
-29.68 -57.74 2.77e+00
-29.68 -53.83 2.77e+00
-29.68 -49.95 2.77e+00
-29.68 -46.07 2.73e+00
-29.68 -42.21 2.66e+00
-29.68 -38.35 2.51e+00
-29.68 -34.50 2.37e+00
-29.68 -30.66 2.32e+00
-29.68 -26.81 2.27e+00
-29.68 -22.98 2.24e+00
-29.68 -19.14 2.23e+00
-29.68 -15.31 2.18e+00
-29.68 -11.48 2.08e+00
-29.68 -7.65 2.00e+00
-29.68 -3.83 1.91e+00
-29.68 0.00 1.87e+00
-29.68 3.83 1.89e+00
-29.68 7.65 1.93e+00
-29.68 11.48 1.94e+00
-29.68 15.31 1.98e+00
-29.68 19.14 2.06e+00
-29.68 22.98 2.09e+00
-29.68 26.81 2.12e+00
-29.68 30.66 2.17e+00
-29.68 34.50 2.34e+00
-29.68 38.35 2.23e+00
-29.68 42.21 2.23e+00
-29.68 46.07 2.29e+00
-29.68 49.95 2.40e+00
-29.68 53.83 2.56e+00
-29.68 57.74 2.74e+00
-29.68 61.66 2.93e+00
-29.68 65.61 3.16e+00
-29.68 69.59 3.41e+00
-29.68 73.63 3.68e+00
-29.68 77.77 4.01e+00
-29.68 82.10 4.37e+00
-29.68 87.75 5.39e+00
-26.30 -87.75 5.52e+00
-26.30 -82.10 4.37e+00
-26.30 -77.77 3.91e+00
-26.30 -73.63 3.57e+00
-26.30 -69.59 3.29e+00
-26.30 -65.61 3.06e+00
-26.30 -61.66 2.88e+00
-26.30 -57.74 2.77e+00
-26.30 -53.83 2.76e+00
-26.30 -49.95 2.76e+00
-26.30 -46.07 2.72e+00
-26.30 -42.21 2.63e+00
-26.30 -38.35 2.47e+00
-26.30 -34.50 2.34e+00
-26.30 -30.66 2.29e+00
-26.30 -26.81 2.24e+00
-26.30 -22.98 2.21e+00
-26.30 -19.14 2.16e+00
-26.30 -15.31 2.12e+00
-26.30 -11.48 2.02e+00
-26.30 -7.65 1.93e+00
-26.30 -3.83 1.82e+00
-26.30 0.00 1.77e+00
-26.30 3.83 1.78e+00
-26.30 7.65 1.79e+00
-26.30 11.48 1.86e+00
-26.30 15.31 1.88e+00
-26.30 19.14 1.95e+00
-26.30 22.98 1.97e+00
-26.30 26.81 2.05e+00
-26.30 30.66 2.11e+00
-26.30 34.50 2.26e+00
-26.30 38.35 2.27e+00
-26.30 42.21 2.20e+00
-26.30 46.07 2.26e+00
-26.30 49.95 2.37e+00
-26.30 53.83 2.53e+00
-26.30 57.74 2.72e+00
-26.30 61.66 2.91e+00
-26.30 65.61 3.14e+00
-26.30 69.59 3.38e+00
-26.30 73.63 3.66e+00
-26.30 77.77 3.99e+00
-26.30 82.10 4.37e+00
-26.30 87.75 5.39e+00
-23.26 -87.75 5.52e+00
-23.26 -82.10 4.37e+00
-23.26 -77.77 3.92e+00
-23.26 -73.63 3.57e+00
-23.26 -69.59 3.29e+00
-23.26 -65.61 3.06e+00
-23.26 -61.66 2.87e+00
-23.26 -57.74 2.76e+00
-23.26 -53.83 2.75e+00
-23.26 -49.95 2.76e+00
-23.26 -46.07 2.71e+00
-23.26 -42.21 2.60e+00
-23.26 -38.35 2.43e+00
-23.26 -34.50 2.31e+00
-23.26 -30.66 2.25e+00
-23.26 -26.81 2.20e+00
-23.26 -22.98 2.16e+00
-23.26 -19.14 2.10e+00
-23.26 -15.31 2.05e+00
-23.26 -11.48 1.93e+00
-23.26 -7.65 1.84e+00
-23.26 -3.83 1.74e+00
-23.26 0.00 1.68e+00
-23.26 3.83 1.66e+00
-23.26 7.65 1.70e+00
-23.26 11.48 1.76e+00
-23.26 15.31 1.81e+00
-23.26 19.14 1.86e+00
-23.26 22.98 1.91e+00
-23.26 26.81 2.01e+00
-23.26 30.66 2.16e+00
-23.26 34.50 2.19e+00
-23.26 38.35 2.21e+00
-23.26 42.21 2.21e+00
-23.26 46.07 2.25e+00
-23.26 49.95 2.35e+00
-23.26 53.83 2.51e+00
-23.26 57.74 2.69e+00
-23.26 61.66 2.89e+00
-23.26 65.61 3.11e+00
-23.26 69.59 3.36e+00
-23.26 73.63 3.64e+00
-23.26 77.77 3.96e+00
-23.26 82.10 4.37e+00
-23.26 87.75 5.39e+00
-20.28 -87.75 5.52e+00
-20.28 -82.10 4.38e+00
-20.28 -77.77 3.92e+00
-20.28 -73.63 3.58e+00
-20.28 -69.59 3.29e+00
-20.28 -65.61 3.06e+00
-20.28 -61.66 2.87e+00
-20.28 -57.74 2.75e+00
-20.28 -53.83 2.74e+00
-20.28 -49.95 2.74e+00
-20.28 -46.07 2.69e+00
-20.28 -42.21 2.58e+00
-20.28 -38.35 2.39e+00
-20.28 -34.50 2.28e+00
-20.28 -30.66 2.21e+00
-20.28 -26.81 2.16e+00
-20.28 -22.98 2.11e+00
-20.28 -19.14 2.06e+00
-20.28 -15.31 1.98e+00
-20.28 -11.48 1.86e+00
-20.28 -7.65 1.78e+00
-20.28 -3.83 1.66e+00
-20.28 0.00 1.58e+00
-20.28 3.83 1.57e+00
-20.28 7.65 1.62e+00
-20.28 11.48 1.68e+00
-20.28 15.31 1.73e+00
-20.28 19.14 1.77e+00
-20.28 22.98 1.85e+00
-20.28 26.81 2.00e+00
-20.28 30.66 2.09e+00
-20.28 34.50 2.16e+00
-20.28 38.35 2.20e+00
-20.28 42.21 2.27e+00
-20.28 46.07 2.24e+00
-20.28 49.95 2.33e+00
-20.28 53.83 2.48e+00
-20.28 57.74 2.66e+00
-20.28 61.66 2.87e+00
-20.28 65.61 3.09e+00
-20.28 69.59 3.34e+00
-20.28 73.63 3.61e+00
-20.28 77.77 3.94e+00
-20.28 82.10 4.37e+00
-20.28 87.75 5.39e+00
-17.35 -87.75 5.52e+00
-17.35 -82.10 4.38e+00
-17.35 -77.77 3.92e+00
-17.35 -73.63 3.58e+00
-17.35 -69.59 3.29e+00
-17.35 -65.61 3.06e+00
-17.35 -61.66 2.86e+00
-17.35 -57.74 2.74e+00
-17.35 -53.83 2.73e+00
-17.35 -49.95 2.73e+00
-17.35 -46.07 2.68e+00
-17.35 -42.21 2.57e+00
-17.35 -38.35 2.36e+00
-17.35 -34.50 2.24e+00
-17.35 -30.66 2.17e+00
-17.35 -26.81 2.13e+00
-17.35 -22.98 2.06e+00
-17.35 -19.14 2.00e+00
-17.35 -15.31 1.91e+00
-17.35 -11.48 1.80e+00
-17.35 -7.65 1.73e+00
-17.35 -3.83 1.59e+00
-17.35 0.00 1.50e+00
-17.35 3.83 1.49e+00
-17.35 7.65 1.56e+00
-17.35 11.48 1.61e+00
-17.35 15.31 1.66e+00
-17.35 19.14 1.72e+00
-17.35 22.98 1.88e+00
-17.35 26.81 1.94e+00
-17.35 30.66 2.03e+00
-17.35 34.50 2.11e+00
-17.35 38.35 2.20e+00
-17.35 42.21 2.31e+00
-17.35 46.07 2.24e+00
-17.35 49.95 2.32e+00
-17.35 53.83 2.45e+00
-17.35 57.74 2.64e+00
-17.35 61.66 2.84e+00
-17.35 65.61 3.07e+00
-17.35 69.59 3.31e+00
-17.35 73.63 3.59e+00
-17.35 77.77 3.92e+00
-17.35 82.10 4.35e+00
-17.35 87.75 5.39e+00
-14.43 -87.75 5.53e+00
-14.43 -82.10 4.39e+00
-14.43 -77.77 3.93e+00
-14.43 -73.63 3.59e+00
-14.43 -69.59 3.30e+00
-14.43 -65.61 3.06e+00
-14.43 -61.66 2.86e+00
-14.43 -57.74 2.74e+00
-14.43 -53.83 2.74e+00
-14.43 -49.95 2.71e+00
-14.43 -46.07 2.67e+00
-14.43 -42.21 2.56e+00
-14.43 -38.35 2.34e+00
-14.43 -34.50 2.22e+00
-14.43 -30.66 2.13e+00
-14.43 -26.81 2.10e+00
-14.43 -22.98 2.02e+00
-14.43 -19.14 1.95e+00
-14.43 -15.31 1.86e+00
-14.43 -11.48 1.75e+00
-14.43 -7.65 1.65e+00
-14.43 -3.83 1.52e+00
-14.43 0.00 1.44e+00
-14.43 3.83 1.44e+00
-14.43 7.65 1.49e+00
-14.43 11.48 1.52e+00
-14.43 15.31 1.59e+00
-14.43 19.14 1.73e+00
-14.43 22.98 1.77e+00
-14.43 26.81 1.91e+00
-14.43 30.66 1.98e+00
-14.43 34.50 2.10e+00
-14.43 38.35 2.22e+00
-14.43 42.21 2.31e+00
-14.43 46.07 2.29e+00
-14.43 49.95 2.31e+00
-14.43 53.83 2.44e+00
-14.43 57.74 2.62e+00
-14.43 61.66 2.82e+00
-14.43 65.61 3.04e+00
-14.43 69.59 3.28e+00
-14.43 73.63 3.56e+00
-14.43 77.77 3.89e+00
-14.43 82.10 4.33e+00
-14.43 87.75 5.39e+00
-11.53 -87.75 5.53e+00
-11.53 -82.10 4.39e+00
-11.53 -77.77 3.94e+00
-11.53 -73.63 3.60e+00
-11.53 -69.59 3.30e+00
-11.53 -65.61 3.06e+00
-11.53 -61.66 2.86e+00
-11.53 -57.74 2.73e+00
-11.53 -53.83 2.70e+00
-11.53 -49.95 2.70e+00
-11.53 -46.07 2.65e+00
-11.53 -42.21 2.53e+00
-11.53 -38.35 2.33e+00
-11.53 -34.50 2.19e+00
-11.53 -30.66 2.10e+00
-11.53 -26.81 2.05e+00
-11.53 -22.98 1.99e+00
-11.53 -19.14 1.91e+00
-11.53 -15.31 1.82e+00
-11.53 -11.48 1.71e+00
-11.53 -7.65 1.59e+00
-11.53 -3.83 1.47e+00
-11.53 0.00 1.40e+00
-11.53 3.83 1.39e+00
-11.53 7.65 1.43e+00
-11.53 11.48 1.45e+00
-11.53 15.31 1.58e+00
-11.53 19.14 1.66e+00
-11.53 22.98 1.75e+00
-11.53 26.81 1.89e+00
-11.53 30.66 1.95e+00
-11.53 34.50 2.09e+00
-11.53 38.35 2.22e+00
-11.53 42.21 2.32e+00
-11.53 46.07 2.32e+00
-11.53 49.95 2.30e+00
-11.53 53.83 2.42e+00
-11.53 57.74 2.59e+00
-11.53 61.66 2.79e+00
-11.53 65.61 3.01e+00
-11.53 69.59 3.26e+00
-11.53 73.63 3.54e+00
-11.53 77.77 3.87e+00
-11.53 82.10 4.31e+00
-11.53 87.75 5.40e+00
-8.64 -87.75 5.54e+00
-8.64 -82.10 4.40e+00
-8.64 -77.77 3.95e+00
-8.64 -73.63 3.60e+00
-8.64 -69.59 3.31e+00
-8.64 -65.61 3.07e+00
-8.64 -61.66 2.86e+00
-8.64 -57.74 2.72e+00
-8.64 -53.83 2.68e+00
-8.64 -49.95 2.69e+00
-8.64 -46.07 2.64e+00
-8.64 -42.21 2.51e+00
-8.64 -38.35 2.32e+00
-8.64 -34.50 2.18e+00
-8.64 -30.66 2.08e+00
-8.64 -26.81 2.01e+00
-8.64 -22.98 1.93e+00
-8.64 -19.14 1.88e+00
-8.64 -15.31 1.78e+00
-8.64 -11.48 1.66e+00
-8.64 -7.65 1.54e+00
-8.64 -3.83 1.43e+00
-8.64 0.00 1.37e+00
-8.64 3.83 1.36e+00
-8.64 7.65 1.36e+00
-8.64 11.48 1.44e+00
-8.64 15.31 1.50e+00
-8.64 19.14 1.62e+00
-8.64 22.98 1.75e+00
-8.64 26.81 1.89e+00
-8.64 30.66 1.95e+00
-8.64 34.50 2.05e+00
-8.64 38.35 2.21e+00
-8.64 42.21 2.33e+00
-8.64 46.07 2.37e+00
-8.64 49.95 2.33e+00
-8.64 53.83 2.41e+00
-8.64 57.74 2.57e+00
-8.64 61.66 2.77e+00
-8.64 65.61 2.99e+00
-8.64 69.59 3.24e+00
-8.64 73.63 3.51e+00
-8.64 77.77 3.85e+00
-8.64 82.10 4.29e+00
-8.64 87.75 5.40e+00
-5.76 -87.75 5.55e+00
-5.76 -82.10 4.41e+00
-5.76 -77.77 3.96e+00
-5.76 -73.63 3.61e+00
-5.76 -69.59 3.32e+00
-5.76 -65.61 3.07e+00
-5.76 -61.66 2.86e+00
-5.76 -57.74 2.71e+00
-5.76 -53.83 2.65e+00
-5.76 -49.95 2.69e+00
-5.76 -46.07 2.62e+00
-5.76 -42.21 2.49e+00
-5.76 -38.35 2.32e+00
-5.76 -34.50 2.16e+00
-5.76 -30.66 2.05e+00
-5.76 -26.81 1.98e+00
-5.76 -22.98 1.90e+00
-5.76 -19.14 1.86e+00
-5.76 -15.31 1.72e+00
-5.76 -11.48 1.62e+00
-5.76 -7.65 1.48e+00
-5.76 -3.83 1.41e+00
-5.76 0.00 1.34e+00
-5.76 3.83 1.32e+00
-5.76 7.65 1.35e+00
-5.76 11.48 1.37e+00
-5.76 15.31 1.50e+00
-5.76 19.14 1.64e+00
-5.76 22.98 1.76e+00
-5.76 26.81 1.85e+00
-5.76 30.66 1.95e+00
-5.76 34.50 2.05e+00
-5.76 38.35 2.21e+00
-5.76 42.21 2.35e+00
-5.76 46.07 2.40e+00
-5.76 49.95 2.36e+00
-5.76 53.83 2.40e+00
-5.76 57.74 2.56e+00
-5.76 61.66 2.75e+00
-5.76 65.61 2.97e+00
-5.76 69.59 3.21e+00
-5.76 73.63 3.49e+00
-5.76 77.77 3.83e+00
-5.76 82.10 4.28e+00
-5.76 87.75 5.41e+00
-2.88 -87.75 5.56e+00
-2.88 -82.10 4.42e+00
-2.88 -77.77 3.97e+00
-2.88 -73.63 3.63e+00
-2.88 -69.59 3.34e+00
-2.88 -65.61 3.09e+00
-2.88 -61.66 2.87e+00
-2.88 -57.74 2.71e+00
-2.88 -53.83 2.63e+00
-2.88 -49.95 2.65e+00
-2.88 -46.07 2.61e+00
-2.88 -42.21 2.49e+00
-2.88 -38.35 2.32e+00
-2.88 -34.50 2.15e+00
-2.88 -30.66 2.03e+00
-2.88 -26.81 1.97e+00
-2.88 -22.98 1.87e+00
-2.88 -19.14 1.79e+00
-2.88 -15.31 1.68e+00
-2.88 -11.48 1.56e+00
-2.88 -7.65 1.45e+00
-2.88 -3.83 1.40e+00
-2.88 0.00 1.31e+00
-2.88 3.83 1.30e+00
-2.88 7.65 1.28e+00
-2.88 11.48 1.34e+00
-2.88 15.31 1.49e+00
-2.88 19.14 1.63e+00
-2.88 22.98 1.75e+00
-2.88 26.81 1.84e+00
-2.88 30.66 1.94e+00
-2.88 34.50 2.06e+00
-2.88 38.35 2.22e+00
-2.88 42.21 2.39e+00
-2.88 46.07 2.43e+00
-2.88 49.95 2.41e+00
-2.88 53.83 2.40e+00
-2.88 57.74 2.55e+00
-2.88 61.66 2.73e+00
-2.88 65.61 2.95e+00
-2.88 69.59 3.19e+00
-2.88 73.63 3.47e+00
-2.88 77.77 3.81e+00
-2.88 82.10 4.26e+00
-2.88 87.75 5.39e+00
0.00 -87.75 5.57e+00
0.00 -82.10 4.44e+00
0.00 -77.77 3.98e+00
0.00 -73.63 3.64e+00
0.00 -69.59 3.35e+00
0.00 -65.61 3.10e+00
0.00 -61.66 2.88e+00
0.00 -57.74 2.71e+00
0.00 -53.83 2.61e+00
0.00 -49.95 2.61e+00
0.00 -46.07 2.60e+00
0.00 -42.21 2.49e+00
0.00 -38.35 2.30e+00
0.00 -34.50 2.15e+00
0.00 -30.66 2.02e+00
0.00 -26.81 1.93e+00
0.00 -22.98 1.86e+00
0.00 -19.14 1.73e+00
0.00 -15.31 1.65e+00
0.00 -11.48 1.52e+00
0.00 -7.65 1.43e+00
0.00 -3.83 1.37e+00
0.00 0.00 1.33e+00
0.00 3.83 1.23e+00
0.00 7.65 1.26e+00
0.00 11.48 1.36e+00
0.00 15.31 1.49e+00
0.00 19.14 1.61e+00
0.00 22.98 1.75e+00
0.00 26.81 1.84e+00
0.00 30.66 1.94e+00
0.00 34.50 2.07e+00
0.00 38.35 2.23e+00
0.00 42.21 2.39e+00
0.00 46.07 2.48e+00
0.00 49.95 2.42e+00
0.00 53.83 2.41e+00
0.00 57.74 2.54e+00
0.00 61.66 2.71e+00
0.00 65.61 2.93e+00
0.00 69.59 3.17e+00
0.00 73.63 3.46e+00
0.00 77.77 3.80e+00
0.00 82.10 4.25e+00
0.00 87.75 5.38e+00
2.88 -87.75 5.58e+00
2.88 -82.10 4.45e+00
2.88 -77.77 3.99e+00
2.88 -73.63 3.65e+00
2.88 -69.59 3.37e+00
2.88 -65.61 3.11e+00
2.88 -61.66 2.89e+00
2.88 -57.74 2.71e+00
2.88 -53.83 2.60e+00
2.88 -49.95 2.62e+00
2.88 -46.07 2.60e+00
2.88 -42.21 2.48e+00
2.88 -38.35 2.29e+00
2.88 -34.50 2.16e+00
2.88 -30.66 2.03e+00
2.88 -26.81 1.90e+00
2.88 -22.98 1.85e+00
2.88 -19.14 1.70e+00
2.88 -15.31 1.60e+00
2.88 -11.48 1.52e+00
2.88 -7.65 1.42e+00
2.88 -3.83 1.38e+00
2.88 0.00 1.23e+00
2.88 3.83 1.20e+00
2.88 7.65 1.26e+00
2.88 11.48 1.36e+00
2.88 15.31 1.49e+00
2.88 19.14 1.63e+00
2.88 22.98 1.75e+00
2.88 26.81 1.84e+00
2.88 30.66 1.95e+00
2.88 34.50 2.07e+00
2.88 38.35 2.25e+00
2.88 42.21 2.41e+00
2.88 46.07 2.50e+00
2.88 49.95 2.47e+00
2.88 53.83 2.43e+00
2.88 57.74 2.53e+00
2.88 61.66 2.70e+00
2.88 65.61 2.91e+00
2.88 69.59 3.15e+00
2.88 73.63 3.44e+00
2.88 77.77 3.78e+00
2.88 82.10 4.24e+00
2.88 87.75 5.37e+00
5.76 -87.75 5.58e+00
5.76 -82.10 4.46e+00
5.76 -77.77 4.01e+00
5.76 -73.63 3.67e+00
5.76 -69.59 3.38e+00
5.76 -65.61 3.13e+00
5.76 -61.66 2.90e+00
5.76 -57.74 2.71e+00
5.76 -53.83 2.59e+00
5.76 -49.95 2.56e+00
5.76 -46.07 2.59e+00
5.76 -42.21 2.49e+00
5.76 -38.35 2.29e+00
5.76 -34.50 2.16e+00
5.76 -30.66 2.02e+00
5.76 -26.81 1.89e+00
5.76 -22.98 1.85e+00
5.76 -19.14 1.70e+00
5.76 -15.31 1.58e+00
5.76 -11.48 1.51e+00
5.76 -7.65 1.41e+00
5.76 -3.83 1.30e+00
5.76 0.00 1.20e+00
5.76 3.83 1.21e+00
5.76 7.65 1.28e+00
5.76 11.48 1.38e+00
5.76 15.31 1.51e+00
5.76 19.14 1.66e+00
5.76 22.98 1.76e+00
5.76 26.81 1.85e+00
5.76 30.66 1.96e+00
5.76 34.50 2.09e+00
5.76 38.35 2.26e+00
5.76 42.21 2.41e+00
5.76 46.07 2.53e+00
5.76 49.95 2.50e+00
5.76 53.83 2.45e+00
5.76 57.74 2.53e+00
5.76 61.66 2.69e+00
5.76 65.61 2.90e+00
5.76 69.59 3.14e+00
5.76 73.63 3.43e+00
5.76 77.77 3.77e+00
5.76 82.10 4.23e+00
5.76 87.75 5.36e+00
8.64 -87.75 5.58e+00
8.64 -82.10 4.48e+00
8.64 -77.77 4.03e+00
8.64 -73.63 3.69e+00
8.64 -69.59 3.40e+00
8.64 -65.61 3.15e+00
8.64 -61.66 2.92e+00
8.64 -57.74 2.72e+00
8.64 -53.83 2.58e+00
8.64 -49.95 2.52e+00
8.64 -46.07 2.57e+00
8.64 -42.21 2.48e+00
8.64 -38.35 2.31e+00
8.64 -34.50 2.17e+00
8.64 -30.66 2.03e+00
8.64 -26.81 1.91e+00
8.64 -22.98 1.82e+00
8.64 -19.14 1.70e+00
8.64 -15.31 1.60e+00
8.64 -11.48 1.49e+00
8.64 -7.65 1.33e+00
8.64 -3.83 1.24e+00
8.64 0.00 1.21e+00
8.64 3.83 1.25e+00
8.64 7.65 1.30e+00
8.64 11.48 1.42e+00
8.64 15.31 1.54e+00
8.64 19.14 1.68e+00
8.64 22.98 1.78e+00
8.64 26.81 1.86e+00
8.64 30.66 1.97e+00
8.64 34.50 2.12e+00
8.64 38.35 2.29e+00
8.64 42.21 2.42e+00
8.64 46.07 2.56e+00
8.64 49.95 2.54e+00
8.64 53.83 2.47e+00
8.64 57.74 2.53e+00
8.64 61.66 2.69e+00
8.64 65.61 2.89e+00
8.64 69.59 3.13e+00
8.64 73.63 3.42e+00
8.64 77.77 3.76e+00
8.64 82.10 4.22e+00
8.64 87.75 5.36e+00
11.53 -87.75 5.58e+00
11.53 -82.10 4.50e+00
11.53 -77.77 4.05e+00
11.53 -73.63 3.71e+00
11.53 -69.59 3.42e+00
11.53 -65.61 3.18e+00
11.53 -61.66 2.94e+00
11.53 -57.74 2.73e+00
11.53 -53.83 2.57e+00
11.53 -49.95 2.50e+00
11.53 -46.07 2.52e+00
11.53 -42.21 2.51e+00
11.53 -38.35 2.32e+00
11.53 -34.50 2.18e+00
11.53 -30.66 2.04e+00
11.53 -26.81 1.94e+00
11.53 -22.98 1.84e+00
11.53 -19.14 1.71e+00
11.53 -15.31 1.61e+00
11.53 -11.48 1.40e+00
11.53 -7.65 1.31e+00
11.53 -3.83 1.23e+00
11.53 0.00 1.23e+00
11.53 3.83 1.26e+00
11.53 7.65 1.35e+00
11.53 11.48 1.46e+00
11.53 15.31 1.59e+00
11.53 19.14 1.69e+00
11.53 22.98 1.79e+00
11.53 26.81 1.88e+00
11.53 30.66 1.98e+00
11.53 34.50 2.13e+00
11.53 38.35 2.31e+00
11.53 42.21 2.45e+00
11.53 46.07 2.59e+00
11.53 49.95 2.56e+00
11.53 53.83 2.51e+00
11.53 57.74 2.53e+00
11.53 61.66 2.68e+00
11.53 65.61 2.89e+00
11.53 69.59 3.12e+00
11.53 73.63 3.41e+00
11.53 77.77 3.75e+00
11.53 82.10 4.21e+00
11.53 87.75 5.35e+00
14.43 -87.75 5.57e+00
14.43 -82.10 4.52e+00
14.43 -77.77 4.07e+00
14.43 -73.63 3.73e+00
14.43 -69.59 3.45e+00
14.43 -65.61 3.20e+00
14.43 -61.66 2.97e+00
14.43 -57.74 2.76e+00
14.43 -53.83 2.58e+00
14.43 -49.95 2.48e+00
14.43 -46.07 2.49e+00
14.43 -42.21 2.50e+00
14.43 -38.35 2.36e+00
14.43 -34.50 2.22e+00
14.43 -30.66 2.07e+00
14.43 -26.81 1.96e+00
14.43 -22.98 1.84e+00
14.43 -19.14 1.71e+00
14.43 -15.31 1.53e+00
14.43 -11.48 1.39e+00
14.43 -7.65 1.28e+00
14.43 -3.83 1.24e+00
14.43 0.00 1.25e+00
14.43 3.83 1.30e+00
14.43 7.65 1.41e+00
14.43 11.48 1.51e+00
14.43 15.31 1.65e+00
14.43 19.14 1.71e+00
14.43 22.98 1.81e+00
14.43 26.81 1.90e+00
14.43 30.66 2.00e+00
14.43 34.50 2.16e+00
14.43 38.35 2.34e+00
14.43 42.21 2.47e+00
14.43 46.07 2.62e+00
14.43 49.95 2.59e+00
14.43 53.83 2.54e+00
14.43 57.74 2.54e+00
14.43 61.66 2.67e+00
14.43 65.61 2.88e+00
14.43 69.59 3.11e+00
14.43 73.63 3.40e+00
14.43 77.77 3.74e+00
14.43 82.10 4.20e+00
14.43 87.75 5.34e+00
17.35 -87.75 5.57e+00
17.35 -82.10 4.54e+00
17.35 -77.77 4.09e+00
17.35 -73.63 3.75e+00
17.35 -69.59 3.47e+00
17.35 -65.61 3.24e+00
17.35 -61.66 3.01e+00
17.35 -57.74 2.79e+00
17.35 -53.83 2.60e+00
17.35 -49.95 2.48e+00
17.35 -46.07 2.44e+00
17.35 -42.21 2.50e+00
17.35 -38.35 2.38e+00
17.35 -34.50 2.25e+00
17.35 -30.66 2.11e+00
17.35 -26.81 2.00e+00
17.35 -22.98 1.84e+00
17.35 -19.14 1.65e+00
17.35 -15.31 1.48e+00
17.35 -11.48 1.36e+00
17.35 -7.65 1.28e+00
17.35 -3.83 1.28e+00
17.35 0.00 1.30e+00
17.35 3.83 1.36e+00
17.35 7.65 1.44e+00
17.35 11.48 1.57e+00
17.35 15.31 1.71e+00
17.35 19.14 1.76e+00
17.35 22.98 1.83e+00
17.35 26.81 1.93e+00
17.35 30.66 2.03e+00
17.35 34.50 2.19e+00
17.35 38.35 2.37e+00
17.35 42.21 2.50e+00
17.35 46.07 2.65e+00
17.35 49.95 2.62e+00
17.35 53.83 2.56e+00
17.35 57.74 2.55e+00
17.35 61.66 2.67e+00
17.35 65.61 2.88e+00
17.35 69.59 3.11e+00
17.35 73.63 3.39e+00
17.35 77.77 3.74e+00
17.35 82.10 4.20e+00
17.35 87.75 5.34e+00
20.28 -87.75 5.57e+00
20.28 -82.10 4.54e+00
20.28 -77.77 4.11e+00
20.28 -73.63 3.78e+00
20.28 -69.59 3.50e+00
20.28 -65.61 3.27e+00
20.28 -61.66 3.05e+00
20.28 -57.74 2.83e+00
20.28 -53.83 2.63e+00
20.28 -49.95 2.48e+00
20.28 -46.07 2.41e+00
20.28 -42.21 2.47e+00
20.28 -38.35 2.40e+00
20.28 -34.50 2.29e+00
20.28 -30.66 2.16e+00
20.28 -26.81 2.04e+00
20.28 -22.98 1.79e+00
20.28 -19.14 1.60e+00
20.28 -15.31 1.46e+00
20.28 -11.48 1.37e+00
20.28 -7.65 1.32e+00
20.28 -3.83 1.33e+00
20.28 0.00 1.37e+00
20.28 3.83 1.45e+00
20.28 7.65 1.50e+00
20.28 11.48 1.64e+00
20.28 15.31 1.78e+00
20.28 19.14 1.81e+00
20.28 22.98 1.87e+00
20.28 26.81 1.96e+00
20.28 30.66 2.07e+00
20.28 34.50 2.22e+00
20.28 38.35 2.39e+00
20.28 42.21 2.54e+00
20.28 46.07 2.69e+00
20.28 49.95 2.63e+00
20.28 53.83 2.56e+00
20.28 57.74 2.56e+00
20.28 61.66 2.68e+00
20.28 65.61 2.88e+00
20.28 69.59 3.10e+00
20.28 73.63 3.39e+00
20.28 77.77 3.73e+00
20.28 82.10 4.19e+00
20.28 87.75 5.34e+00
23.26 -87.75 5.57e+00
23.26 -82.10 4.54e+00
23.26 -77.77 4.14e+00
23.26 -73.63 3.81e+00
23.26 -69.59 3.54e+00
23.26 -65.61 3.31e+00
23.26 -61.66 3.09e+00
23.26 -57.74 2.87e+00
23.26 -53.83 2.67e+00
23.26 -49.95 2.50e+00
23.26 -46.07 2.40e+00
23.26 -42.21 2.40e+00
23.26 -38.35 2.45e+00
23.26 -34.50 2.33e+00
23.26 -30.66 2.21e+00
23.26 -26.81 1.99e+00
23.26 -22.98 1.76e+00
23.26 -19.14 1.62e+00
23.26 -15.31 1.50e+00
23.26 -11.48 1.42e+00
23.26 -7.65 1.38e+00
23.26 -3.83 1.38e+00
23.26 0.00 1.46e+00
23.26 3.83 1.51e+00
23.26 7.65 1.58e+00
23.26 11.48 1.71e+00
23.26 15.31 1.84e+00
23.26 19.14 1.88e+00
23.26 22.98 1.91e+00
23.26 26.81 1.99e+00
23.26 30.66 2.11e+00
23.26 34.50 2.25e+00
23.26 38.35 2.42e+00
23.26 42.21 2.57e+00
23.26 46.07 2.72e+00
23.26 49.95 2.65e+00
23.26 53.83 2.58e+00
23.26 57.74 2.57e+00
23.26 61.66 2.68e+00
23.26 65.61 2.88e+00
23.26 69.59 3.10e+00
23.26 73.63 3.38e+00
23.26 77.77 3.73e+00
23.26 82.10 4.19e+00
23.26 87.75 5.34e+00
26.30 -87.75 5.57e+00
26.30 -82.10 4.55e+00
26.30 -77.77 4.17e+00
26.30 -73.63 3.84e+00
26.30 -69.59 3.57e+00
26.30 -65.61 3.35e+00
26.30 -61.66 3.13e+00
26.30 -57.74 2.92e+00
26.30 -53.83 2.72e+00
26.30 -49.95 2.54e+00
26.30 -46.07 2.42e+00
26.30 -42.21 2.36e+00
26.30 -38.35 2.46e+00
26.30 -34.50 2.42e+00
26.30 -30.66 2.22e+00
26.30 -26.81 1.94e+00
26.30 -22.98 1.79e+00
26.30 -19.14 1.64e+00
26.30 -15.31 1.55e+00
26.30 -11.48 1.47e+00
26.30 -7.65 1.47e+00
26.30 -3.83 1.46e+00
26.30 0.00 1.53e+00
26.30 3.83 1.58e+00
26.30 7.65 1.67e+00
26.30 11.48 1.79e+00
26.30 15.31 1.89e+00
26.30 19.14 1.94e+00
26.30 22.98 1.97e+00
26.30 26.81 2.03e+00
26.30 30.66 2.16e+00
26.30 34.50 2.29e+00
26.30 38.35 2.47e+00
26.30 42.21 2.62e+00
26.30 46.07 2.74e+00
26.30 49.95 2.67e+00
26.30 53.83 2.60e+00
26.30 57.74 2.59e+00
26.30 61.66 2.69e+00
26.30 65.61 2.88e+00
26.30 69.59 3.10e+00
26.30 73.63 3.38e+00
26.30 77.77 3.73e+00
26.30 82.10 4.19e+00
26.30 87.75 5.34e+00
29.68 -87.75 5.57e+00
29.68 -82.10 4.55e+00
29.68 -77.77 4.19e+00
29.68 -73.63 3.86e+00
29.68 -69.59 3.60e+00
29.68 -65.61 3.39e+00
29.68 -61.66 3.17e+00
29.68 -57.74 2.97e+00
29.68 -53.83 2.76e+00
29.68 -49.95 2.58e+00
29.68 -46.07 2.46e+00
29.68 -42.21 2.38e+00
29.68 -38.35 2.40e+00
29.68 -34.50 2.50e+00
29.68 -30.66 2.23e+00
29.68 -26.81 1.98e+00
29.68 -22.98 1.84e+00
29.68 -19.14 1.68e+00
29.68 -15.31 1.60e+00
29.68 -11.48 1.56e+00
29.68 -7.65 1.55e+00
29.68 -3.83 1.57e+00
29.68 0.00 1.61e+00
29.68 3.83 1.68e+00
29.68 7.65 1.76e+00
29.68 11.48 1.88e+00
29.68 15.31 1.94e+00
29.68 19.14 1.99e+00
29.68 22.98 2.04e+00
29.68 26.81 2.08e+00
29.68 30.66 2.19e+00
29.68 34.50 2.34e+00
29.68 38.35 2.51e+00
29.68 42.21 2.65e+00
29.68 46.07 2.76e+00
29.68 49.95 2.68e+00
29.68 53.83 2.62e+00
29.68 57.74 2.60e+00
29.68 61.66 2.69e+00
29.68 65.61 2.88e+00
29.68 69.59 3.10e+00
29.68 73.63 3.38e+00
29.68 77.77 3.73e+00
29.68 82.10 4.19e+00
29.68 87.75 5.34e+00
